1000
4283435 6961553
3530300 6594561
4264147 1258192
8097383 3657584
7502965 9252491
3842846 7118180
2330991 386360
8337270 440107
612437 5643101
8524325 6237052
6914062 7901201
7475346 7804174
7910882 7390099
1864943 9769642
1458087 8686251
1925310 5183722
7907539 6602746
1931941 6818823
7923869 7489064
2924361 7952352
8098120 7690679
9163920 6366831
4658273 7053909
376393 1440602
3927730 6665138
9088282 4590768
884593 1204118
1288248 6738235
9771806 9797497
1727693 5401019
9534180 3508957
2939984 6545152
741436 6826755
7135998 8172275
1598313 4799777
8483707 1533564
6374948 4958866
5608695 2548148
6458196 9228001
6489877 5203123
7652469 4321242
6384605 8171462
3746045 3001047
4384771 1504246
5869130 6857380
1283147 1834363
3450782 231690
8391759 4472247
24458 7485462
5444298 9948528
7625527 7318451
2065172 3966084
6983600 8467952
9211548 6413764
7049356 1806839
9656971 8276241
5472630 2950805
9202730 7686249
5900099 6937877
6370338 731799
508395 5683602
4777212 2308660
8155449 6786106
7870486 1745149
260879 985516
4540976 9878962
8374647 1585423
9732971 891098
4697229 821336
625358 3032840
838329 6805267
2246806 6467464
6812000 4117438
3835299 1289207
7129295 9190440
2680402 9735149
3746347 6657341
2088511 7774066
6548452 4226202
9836351 7367531
5454272 6949878
6297090 9904469
5532913 865834
1118005 462622
9211630 288970
9830634 4787801
4862712 675072
3124439 1673549
4719416 9508871
7763330 3606573
5581683 8549132
9786503 5650267
7220568 8530591
3001183 5091498
6100954 9384782
9228874 3521843
3402386 640965
120418 3280705
7473982 2808474
2815245 68873
2981512 2057300
1219278 5763947
7455613 8063326
5906999 4423076
3386434 1384483
1827259 9890973
7349954 9863326
7648146 2548945
7284995 3434012
1340166 1019089
7115034 5376497
6192960 1972216
7458380 9450500
5106682 4435616
2887279 5817843
7223490 499249
6995988 1873908
9966765 4356691
1032346 7739143
3528600 8575728
6386718 8462754
3351402 3075174
9863230 7570746
5402113 5682046
9142026 3987169
800014 204564
1806182 3066366
1301238 2831090
3504583 6247052
2938178 5460200
4471094 8398182
5866922 1828456
398059 549843
8462959 8919032
1569128 8015918
7896905 9639601
7291720 4685686
6287112 2263007
260574 6999214
1944397 5226826
5134115 1798062
7990442 8713958
9262527 2469066
295723 4852041
4926771 945680
2842988 2384144
673424 6379448
9476038 673607
3639003 5686162
1522322 1430102
8815396 3648225
8603 697724
3326739 7655049
2508126 6843653
256628 6900282
1314291 7009098
5076932 8828684
5916024 6705185
8727749 3777572
9049140 3420882
6363149 2950759
1503042 3694734
2609620 6632371
3834583 3294798
200556 8925128
6002190 8332823
3210103 2959090
6203361 3789961
1116777 6839880
8498704 9570164
8661987 9049561
8975272 105524
7780667 2280059
8820925 3570716
9901757 353192
214254 8803618
727834 7927188
6710390 7302811
5796110 3868026
692268 8308736
8788873 7288495
4681885 327007
1236564 9896960
99306 5986521
1416198 87585
8297359 9262112
5528992 6790863
1119627 5916188
1399419 1536259
2927027 848440
5675034 5498195
5983523 4875722
8525896 6654480
503515 4297516
8034710 9012684
3221560 5032186
2250120 4793285
6815835 9637691
8383621 3131237
9601981 4631285
2699016 7023947
8941322 2722921
5960924 3128595
2667804 5037293
3251662 2122792
7288087 7623198
7593434 8379118
2474831 6652116
1519857 2813040
2718550 8207409
950608 1981852
6487915 2797039
1434488 2882169
7248610 8532491
2596849 394842
6063765 7795832
9048338 3701577
7815566 5247297
821720 9155395
8498545 3061376
3778278 7450509
706409 2991009
817677 4623875
4509464 8914951
4044539 7519707
7682396 7420133
725987 6697388
4176536 3036321
7042922 417101
7165666 2313179
8978202 4089763
6978385 3391714
5717943 1288836
4630320 258168
9146012 2727958
2474962 3382748
7829303 3880672
3045210 4342399
3545670 6665597
2433633 7537011
5780572 4719940
7280244 4095015
3069614 1859526
6753988 6277915
5541272 6626083
9611491 5959361
6097982 5597390
7363003 4096410
22248 8117782
2145154 1771432
8680283 819038
6811808 1539695
2246142 7397168
3359958 479959
4276433 12096
7815384 8116867
8727912 6880633
6882166 347901
4575877 1488073
1536629 1923572
289429 7521449
1372581 9440357
762914 8440812
7697205 3950980
7692925 9152000
2913731 6238888
5081395 8037912
1651500 7166269
7954009 5706710
5232403 8984533
8703432 6133424
5054018 9314167
8932202 737663
556028 8417234
752268 7372976
3618282 334923
5603956 7532616
2804074 9258179
1306165 7336049
1663179 8081073
1341378 6804190
7517164 2672815
8127161 9038343
4550083 4239995
8156266 194623
8990776 3274550
7704464 9997386
3845478 1601395
1854085 7175964
5801141 1835895
7178300 4701565
7244399 3598758
8699079 7723293
7763305 1109773
9968202 2551159
7507523 8129645
3238478 7136825
1366435 7472333
1674190 722254
1178130 6167661
2500718 2426519
4396016 129938
2745752 7541552
38130 8397193
7132944 2937429
6360137 5327964
5594114 4541423
3341663 2945301
2872062 2553056
6473159 9715638
3723839 128852
6236193 4738448
9602002 7305199
5805879 8534775
7469624 9668471
6254137 5173473
1445290 801815
47188 5564549
7724652 4754752
9535751 5942239
994609 5301791
7960852 8767464
9720071 660016
6749469 3817575
1061879 5483836
3976727 444653
8948387 7629184
4881376 7260490
9181733 5812477
4076538 9141798
5880473 3020903
7207895 1208822
3008511 3979424
3811921 9394871
3535269 2964926
162347 1141402
1613896 7724738
224179 5340218
286454 2180349
1361078 8320995
7847333 2703240
3725291 4476648
4215771 7706517
9604277 5831125
4270099 868598
6300094 3951599
8280878 4716889
2611583 694908
3057982 5639018
8966039 6680898
8942534 2861580
4338494 1178257
3737827 9307624
6707309 8408124
3080409 288026
8855102 1429308
7382524 251243
84231 108966
7378811 7550518
8819492 1368127
6843669 2520737
233430 7801274
4999823 8782642
5416126 8814836
5313270 3344756
5670490 9363702
4105052 7059003
9570413 4069895
1237127 2131503
4434191 7004264
9645273 4337860
4542699 3948213
2577255 834434
8731486 8234259
3909677 3457330
1590372 5949200
9448764 3856784
212294 5325357
4093466 8410268
92583 9158993
3967265 3599431
5632286 8738285
1069953 7811241
9580172 6722614
5574903 140796
8007791 3618198
2522441 1845879
8060901 8050497
2038700 6937031
5424862 614770
2474479 7931580
6057302 3662033
809995 3256229
8271143 481547
5782331 9544083
9100589 2776919
1671951 933705
8673671 4111890
9757499 5238264
5704709 9317061
3983263 5847601
8237442 5562316
3612284 2384166
6162508 7949854
4270568 8377147
6350372 5900805
8398217 5285860
238413 7858904
6305431 1083583
5924325 9072064
5529223 5375638
9185690 7070040
9557920 2068744
9702793 2560352
7527033 2452379
739619 6957192
4170636 2733283
9709701 7783787
9576473 6185917
2678395 3798602
8588883 7454001
8475611 4315356
9935187 8631176
1625123 7857793
3208010 9858249
7946655 325540
7191879 7201633
8938622 7056882
6159090 3105759
1536098 3789287
3155087 2506961
1210936 979767
8838548 710966
1385251 9088152
1714727 9259724
7426614 7975122
1596415 1688437
2641753 5974191
4279515 2653073
9481346 6871061
4388637 1303904
3771281 2989037
847561 1014958
9451891 8443000
6907647 3537390
595908 5697332
3115582 9065464
1317820 8096753
5950957 8461741
4775109 9729196
8242519 294592
7112603 7300734
2079192 950844
4714667 7476393
4674059 9497979
2441786 2628832
5086535 3584385
3519670 9702032
7149149 6420791
1305305 4295212
9613289 5084250
4015616 2802130
1583709 2217948
8819542 4883085
98697 4239037
57053 660396
7570678 3928893
2366391 4988852
1479254 9575413
5403402 8652569
1391888 2299564
4927720 1838592
7066368 2194134
7849319 9680137
9420115 2190417
3948379 9766030
7703498 4352614
6785967 3622828
4014575 6483949
9050481 7099936
7751297 7699406
4120817 6624864
6440009 522363
9761084 5446519
8774711 4415474
9567545 6560848
3131104 7475202
9614198 200664
702342 1509573
3757564 9246735
6244927 8094216
3698673 6061806
2326741 4034907
2999691 9740468
9200527 2460932
8131655 7528402
9721571 144967
2110830 1957540
4038783 8577558
1590783 4367544
9240383 6663560
6052582 6394284
2712701 9456042
6922089 3278522
4664158 6187452
8896727 4727808
3062566 3123770
717722 3556206
4817152 8427343
5713201 4814592
3034787 6828731
9963027 2686178
859718 8819690
7453156 3159249
41518 9143929
1172625 2258265
3575250 5379048
8859066 2168109
4088880 5401993
5362562 7269796
7286427 4769393
272088 4080256
761241 8913619
4455116 700902
59371 6101714
7211946 5009634
5272206 4292578
3237839 4341884
2619656 2549552
1108265 2750140
4696048 8605219
8568084 2208108
9892740 6063233
3321229 2583632
1853405 7888892
9109787 5903902
9454844 4090247
1011105 9540592
8150254 891968
3737206 2256558
362216 6799865
8524343 7615909
1863311 5976838
3936636 1909646
1888397 3030830
3440247 1400475
5376812 5160372
7898268 2049735
6980092 9222233
6751427 8263096
9467405 9148305
3324815 2891729
6634316 4204133
3055810 3922614
4878710 8843949
4064943 1316957
312022 4345889
4761331 6564198
9904409 7210408
7400927 7682946
4756893 9725729
1024831 2404512
2190123 7220035
6923785 7808993
823731 9021756
1968145 9325290
4451165 5218065
1098651 8490799
3134194 2354131
9281452 1977094
2285400 5349704
9029436 3415182
9005812 5478334
3169810 6847804
9255709 6653408
4899611 541914
3145211 9034761
9891494 9317234
3306386 988194
8601352 4993185
2160524 5016451
1033042 2266221
6286201 5269182
8985386 1748464
6767941 4106218
3372651 2929464
3569513 8674316
11231 6297967
8047452 784348
683399 895385
1194329 5961995
8222494 1051883
9971659 6669203
1334099 568977
118323 6149199
5148693 1062985
7042191 3633341
9361172 5364426
7254937 5133929
82296 4377817
4100224 4619862
9207785 440389
3826184 757190
6798827 8314719
5168845 2443031
4061610 2291676
7218072 136077
9467407 3484018
1291169 2420911
6234327 3460030
7961132 700717
6560819 8822291
1100418 8937587
684878 1918505
4720695 668009
6916801 48703
4232470 9919206
4656172 7975107
8448894 5838267
1880234 306229
974442 9084285
4146600 2042402
6528938 8742891
212276 4442475
8108506 7860168
4718351 7597242
9887699 2435008
4579355 1921989
6859234 4024018
9114863 7443239
2625524 4070922
8841273 4689721
7612202 2313180
7485509 4288782
9501617 706012
5000540 117148
3218127 8340011
9327502 5054173
1401092 6437239
9893076 1022155
4733725 1889084
7554399 7763724
2923660 4130749
5498851 4298984
5978778 9316592
4325619 6351384
4469206 2081128
5645913 5019861
6867558 2173536
1511848 2579138
3492445 9316274
2910856 2499469
5311352 6040764
5097393 1143464
512957 1522544
5186298 2442537
9773693 6690992
1947268 6326144
7417882 8846588
7958385 2149040
9199389 3081079
7820371 1788997
3412635 1077337
8347355 6447606
4380720 740767
1216524 1708031
5096727 7078682
210707 6616181
6020184 3115618
4720910 8448884
7454135 3488691
8539951 1982356
3336194 1141077
5224992 9275464
5001145 9031969
3548072 159166
6626124 1314608
6921993 5026216
1196655 6381481
8140928 7762339
1356732 5631216
9846050 7193685
5689664 6523361
2509538 90991
8465904 1516096
3980124 8445474
9901683 96536
8811371 2032647
7985371 6966073
5331646 3056249
3721151 9281746
4583983 2587989
2527000 5519352
987434 2446937
4142611 1054324
2148091 3629757
7325754 3989567
4926959 2269084
428547 2189688
8488685 1921211
4257559 3538279
1751429 7805004
5543073 5629065
5263603 6571708
1530314 5067816
5761552 9066909
8256855 6616967
9538712 4081830
7531377 1824514
9097335 9869913
696791 4119160
2354057 5829540
605646 7316710
8606871 4453403
253686 6126446
4315172 3758086
9515593 4580893
5325048 6641094
1027155 217137
7773782 3221967
9433124 1987711
629361 4326535
276396 5339536
9328610 7700281
9254016 168045
1938848 5055965
5620362 319287
6339821 4600189
237465 9785396
7300707 3496922
3802192 9171562
5560346 9853204
2823908 8129791
4960584 7665701
3833699 5922349
4931898 5702854
9070913 6399387
551966 5198771
6165127 5790026
5433051 8247260
2653303 82451
2312194 9696811
1918242 2999520
7548915 613521
7588800 5801357
4755421 2525077
5676624 7129169
587943 5868874
7612599 8473825
7189168 7475137
1050410 5465365
7252863 7206381
4327186 4533100
6834229 4731756
8668532 7893818
1028360 2989959
4819415 4879308
2028134 1987322
2954903 6135525
1301981 9730918
3489967 6266243
6582987 5141598
6714951 8385544
8782610 4581538
525370 9041239
3278915 8785551
2873122 9079874
8178096 9599239
8009920 168213
8038490 482967
6568033 4920902
5524288 1477479
634928 1220436
7684466 4440889
7944935 2297838
8451466 2440005
5544521 1418448
7103409 4048889
3102613 6908015
7396472 6734184
9850813 1978100
6751623 9844829
6247166 2756687
4021681 9764167
9802046 3153729
3342657 2245639
2857016 8815139
7070560 8761683
6517166 4368223
3720961 3186368
4019204 2444999
9277424 4660674
2575117 6077774
7918916 7605445
6248504 5578493
1776110 374560
8790680 6566254
1465389 6308124
4182772 430593
5622589 1520998
8626267 2662458
3009488 650285
5356062 8228004
9018118 3100597
315506 8767993
7287844 4136439
6614376 8959940
1867907 9301100
5791207 6523549
1335678 9785257
5068299 2703815
8009325 399955
7007655 3013988
1597602 5780269
2883735 6154351
3310121 3979528
1839834 4672698
4600058 3939935
9575038 9987973
3453467 6426856
525172 6833124
3436576 2594273
613476 823878
7598623 8894600
3670998 7654450
9630406 4146901
1699787 3484291
1513652 4994202
4040335 7556639
2203020 5471513
3125016 8207028
1559424 6016682
4156483 3558432
5650915 4548927
4637834 1107231
970885 8038032
8639243 5062234
5488262 3571485
6444884 1523449
480531 569328
1478658 6056241
3625365 7743693
2859733 3428946
7342456 618240
472500 5998132
3208186 3241432
8725302 7900257
9453288 3352432
4474193 6003198
5697733 7924913
5756378 665290
3836908 1073270
6828728 3804032
9389583 2353153
7032751 917026
3642933 4501879
131745 8330119
2813336 5150770
2346213 5164864
978485 2012836
8719901 6308751
8709496 5191285
7864412 3316929
2396868 735932
863625 8667820
8995539 8575136
4909340 3555711
678794 1456348
7746597 7918188
4372065 2386191
2047354 9467445
2144983 1708281
9756904 6982887
8754351 3476097
4984474 8489025
6845551 8896026
5567937 9881787
1663165 4676146
7229223 2212053
4481999 233331
499490 5300114
7013206 2401748
3728170 2728248
7961291 4560417
7828309 2642283
2143277 6012534
3577474 4070244
6342779 5612674
5419451 5874119
726968 1888494
1664743 3173327
1452347 1570818
9902721 833010
4415605 2792781
827346 259296
2588006 7299357
2918049 9616142
646730 666927
7623752 4846337
8827679 7943257
7156117 5259700
9925370 6042374
8930935 3456887
750773 2858157
6063821 9971713
9497167 5476365
9697282 6974353
4334638 4066211
1156974 1210594
7877382 3652913
5402534 280144
5018650 3083075
1727724 3785740
1613740 4399412
8591636 3478328
1003561 1108155
6941430 9918522
4306758 6136434
488370 9397360
113927 8221504
9314270 8099969
6927299 9615887
952384 3508449
1177767 9596947
7050745 9893384
2358926 4861208
132041 838842
5842217 4276571
9888485 2345929
378372 8959339
15676 1706786
9646931 5650839
9527926 3309336
4541249 1141220
5281886 9191146
944484 1853458
8961803 2885699
8188548 1964651
9589569 388764
2180940 2870946
2611212 7974361
5921697 2558677
5072702 3856131
974950 706086
7010510 7823150
9301452 543504
8077241 7276851
185775 6467430
2237641 8746039
3696254 3405686
2248481 8543370
6994620 3451328
4504600 50660
1351880 8609083
2156366 6321306
616800 4179800
8361122 450338
2684495 3793980
6328944 7555138
8864610 3526031
6004353 4891305
8176513 4826847
3205578 3921113
7804784 467789
5399816 8456946
8676309 6985245
8395396 2806400
2867249 2637697
1066929 8423863
1352692 764761
2059492 5105461
1710064 7742427
6305253 7855993
764508 6507442
207273 4491764
5853446 3495685
6490347 7763426
9251955 2375791
7952852 2328065
2170237 1528840
2600919 4538939
6397626 1806450
5393446 1376175
9101658 5938883
9514607 1910261
3428497 68818
6143740 3080711
6548899 8417678
1827181 2808260
8019934 6944948
5334191 6721274
582954 2402666
2796769 7006652
5254541 7177554
5708898 699472
1404337 4153505
6530383 3476561
7765316 1886013
4006075 588063
1261003 5787977
