3
14524 49678 52970
639
119 769 17279 74083
737 566 86266 24713
182 574 2113 36710
181 687 95553 83453
286 745 32243 95440
729 629 79964 11207
269 900 85690 67520
868 860 26047 70485
937 896 5510 9995
360 664 26417 55736
40 176 90766 70302
733 205 8908 81588
561 940 35101 24292
177 282 55940 11829
410 460 39754 55389
135 761 83911 9618
364 694 46102 60713
705 622 16135 80199
528 235 16411 6059
265 129 64240 45998
997 227 63363 27137
991 146 99601 94745
946 237 19446 58206
396 359 80229 54039
702 161 40943 50806
725 750 53202 30710
814 58 69689 87056
102 57 4779 97221
792 635 2394 57982
942 460 406 54659
737 50 48957 98751
707 507 95213 35381
725 272 37814 57155
293 34 43955 65488
615 379 32531 56200
875 20 46610 99701
833 684 24483 27339
229 20 49519 54881
226 788 19711 1776
149 614 66147 5514
355 879 79273 46186
310 943 62647 17880
966 294 47167 12230
923 747 30263 60608
140 81 62544 82437
601 487 16443 14560
356 653 79171 11396
437 886 45803 6155
326 116 76340 63164
104 54 88439 7345
399 17 46560 81518
945 35 52590 8828
596 6 43998 9956
148 30 9508 94004
679 601 4231 13174
368 788 11336 25825
129 242 69719 47513
725 764 27059 40783
780 5 99771 9474
113 266 1911 81924
524 208 25654 84213
126 137 67531 94029
417 829 72124 24233
638 124 88238 92988
459 1 46388 58718
717 966 83369 95161
620 755 92883 32686
872 386 80556 21129
966 170 55318 68782
414 601 70615 16981
73 70 23691 30779
975 306 7119 62562
28 985 30437 24601
548 84 36366 5189
85 53 38921 54373
457 69 13060 68703
177 189 83701 53232
784 4 85592 70952
231 19 15801 45666
388 233 92645 14071
491 340 12142 84865
651 431 72522 48542
803 90 84156 77164
328 740 37984 3988
219 436 95562 92859
917 524 29981 72172
214 522 51210 69811
203 754 27107 65320
126 680 97610 7924
558 48 1416 55759
752 103 18594 78983
782 543 4828 32206
826 295 96912 82736
813 126 92090 692
360 866 18559 48575
765 376 27692 2898
236 179 17738 59972
347 689 79278 76863
839 611 24255 81319
180 159 79867 89448
737 134 64959 61529
780 31 73128 73002
24 769 62734 4754
459 133 5065 3952
126 221 89691 24065
136 756 51571 37042
306 52 18280 84824
932 656 68758 58728
907 628 35152 30364
752 443 15678 72219
163 3 45460 98317
130 3 44765 20042
596 129 15022 76211
152 780 80643 3439
323 578 67162 78407
882 332 61844 24212
90 305 36770 90016
602 816 77076 79431
91 831 30168 89730
403 515 92568 43373
539 470 37248 87055
865 678 82754 53930
699 495 56551 4040
456 442 68222 2085
107 169 60784 58273
418 100 71855 16364
89 905 34028 14355
168 117 64139 39176
506 734 78005 80853
806 814 14720 55404
882 26 5601 89494
422 609 76671 48651
449 346 16461 77580
468 814 16911 51574
311 256 33663 36822
459 54 16913 717
630 702 12132 40802
904 720 79728 38884
784 537 45044 62215
930 606 48812 82117
313 874 24799 23145
779 681 12809 41237
577 724 30655 6969
74 40 59637 20228
709 62 68080 44729
744 859 92362 9256
295 120 87443 74869
867 181 15307 81586
838 409 48019 88969
743 649 23961 57931
835 405 13067 59821
409 335 95373 79438
933 684 39769 35394
414 308 30002 89741
656 117 98418 83190
875 875 94349 33168
843 475 48800 4524
999 233 67437 28090
5 120 18689 17975
364 517 85542 35711
373 903 7597 21039
701 327 71688 73145
658 679 6797 77249
293 831 54734 34760
537 835 28105 5784
97 347 87788 75527
398 335 78742 10802
302 247 41370 65950
133 111 36228 35184
911 275 56556 97590
728 247 11103 31625
311 319 90528 4016
226 26 87699 14071
67 785 73635 28042
84 168 24955 13209
873 900 36370 36814
135 841 75010 33292
180 113 68322 33194
455 117 33470 83786
985 437 45650 94318
269 702 96803 52528
857 518 10656 60548
767 738 53392 12181
648 428 28084 48681
273 468 63017 4263
783 649 35186 4686
981 156 64755 5934
899 675 1524 98750
63 90 18237 24259
941 151 84684 27551
739 840 91785 76667
122 763 83251 38642
73 451 23834 13301
704 97 58773 39126
635 530 82848 42971
711 590 34142 98970
261 935 78996 91270
317 942 99144 30142
356 650 21639 60441
155 429 50739 69585
132 248 35419 15186
728 159 38274 47611
432 950 90050 21118
37 198 11376 8929
139 703 3408 67896
541 274 1687 83233
749 537 5444 44686
122 245 21982 30119
395 51 44668 92924
192 453 94308 19844
559 737 34955 96378
283 44 18614 15450
111 296 73621 48311
950 294 12947 46421
200 291 65586 98647
16 676 90920 86690
152 220 80756 52573
299 613 68641 19599
266 282 6387 58388
721 721 89403 50277
362 500 46416 27181
391 428 22533 95256
106 408 12670 44552
366 125 59953 90013
461 106 99313 94118
948 586 83159 73714
766 835 61908 37094
673 454 80914 18532
895 276 47677 67028
728 972 4302 14933
900 11 80009 14752
214 217 18144 71467
679 692 79823 67244
295 776 42405 76429
795 391 33989 11497
710 939 28124 79921
500 747 81600 88875
103 969 97849 57933
721 547 34494 93060
907 699 80086 8234
169 562 71495 79009
158 526 98733 12849
270 778 48982 80580
6 677 59909 60989
154 605 50456 45180
651 397 52946 25393
223 925 66424 82621
76 178 70381 88936
541 650 53663 84190
901 870 85373 38791
198 487 78330 16686
317 314 14795 9504
520 623 53001 72371
403 228 6304 29338
720 246 66679 88819
979 402 83929 48576
43 93 50891 97378
894 553 32546 21348
153 95 2786 77579
609 249 64364 36205
437 581 91037 51621
45 198 99788 36810
865 68 61551 62111
534 900 6232 91587
20 521 72928 85607
137 846 42000 46620
855 459 33895 98918
111 934 98712 10812
44 12 74104 69818
671 131 28976 27933
492 371 47677 99708
418 152 72845 22110
937 786 87782 63400
276 529 49599 66490
567 61 93528 28996
362 539 72981 89481
631 916 31138 77902
109 188 36887 41907
727 862 92365 13886
796 466 4484 50990
752 715 85061 48103
184 802 18318 38687
536 413 93079 44334
955 728 88418 67148
991 442 96861 21781
444 624 32223 13894
717 860 67127 87664
442 386 8254 48761
998 662 68509 87063
280 894 85029 58156
574 676 52354 34403
941 103 39764 6600
563 830 87615 16428
443 628 85875 8776
769 705 84485 12314
638 522 24876 748
431 884 912 2152
946 116 94768 22194
860 700 85562 4401
942 883 40617 28964
126 14 90331 82522
911 115 59579 29463
770 113 66906 42403
448 680 79409 62144
327 99 58091 47719
785 990 93293 49169
655 189 68173 56942
810 107 59768 39982
762 447 40289 54111
367 169 69475 65628
291 946 90765 90435
282 845 35587 38404
975 335 54067 3977
654 619 97190 78993
558 13 94659 3373
403 534 89338 99583
833 373 23872 15275
518 954 28714 33580
246 60 44296 89982
882 587 98965 5452
909 53 67348 73543
764 164 12053 91958
623 92 57019 90604
68 94 88753 15372
316 524 10892 94239
533 626 48444 7413
719 803 47565 9614
192 871 45783 5575
602 520 69773 1512
806 892 29394 37860
393 883 73739 31329
925 148 24234 94743
184 677 83491 88473
223 414 22318 29311
688 662 14844 21660
218 282 85332 49292
693 238 31713 11891
633 75 13391 20173
845 847 38058 56787
585 653 10565 39243
51 855 62995 90264
826 153 95830 24982
926 773 59815 79188
444 565 39941 49086
416 656 5509 77995
990 90 17592 83466
909 896 45135 92426
680 626 79455 62465
190 263 50707 39373
859 338 14640 87142
891 796 40423 33755
710 553 61387 19468
651 333 55178 23747
675 713 31160 33094
436 830 74074 9419
616 583 71704 88371
372 108 33625 39725
368 157 52509 79682
1000 91 13365 10204
196 723 62459 24964
371 35 37691 81240
126 636 82784 15017
705 253 53008 34747
963 862 26073 33071
163 156 37958 45587
739 215 79230 25115
906 618 66272 86478
808 766 30968 46461
194 817 18345 88476
966 587 57291 76940
162 244 17375 61707
262 681 99136 43021
107 496 957 21720
607 230 11559 9856
886 176 31131 88437
827 626 12320 7439
520 560 75654 5323
892 241 78261 5245
600 466 79834 28027
906 16 87941 36034
671 81 37536 1994
149 612 29067 44827
424 29 51971 66550
791 935 60159 672
971 432 32480 87637
608 755 8682 82288
148 223 11734 8922
547 733 77876 39786
248 104 23822 26161
530 4 70568 5015
399 708 15359 63711
849 336 71470 21756
8 198 50480 82364
239 958 88636 56571
812 303 80135 47697
336 494 25005 71733
177 710 58948 45324
684 290 6386 85552
778 793 7316 32238
732 823 1451 35911
159 237 84816 56715
742 219 75615 53804
859 806 97869 24946
740 413 77975 34342
585 396 35838 21679
650 163 68582 12222
67 346 98789 42725
606 541 29502 34232
118 430 71682 4998
155 503 36354 94144
11 645 56641 88933
938 4 59915 40119
105 633 27035 82538
588 793 63469 98096
730 981 19907 57996
163 764 85788 84279
744 53 82839 64266
622 623 56844 97
865 80 23794 52601
599 388 58346 39844
214 492 64002 8670
568 147 22414 99812
999 13 27796 37354
321 403 14427 38988
96 405 89689 22993
842 596 25774 69182
360 679 92831 82424
25 510 54615 24292
215 828 79764 82635
144 66 58466 10573
990 261 57570 28712
362 59 8670 65391
469 240 88190 45038
486 341 18115 91592
590 638 26457 24723
180 866 56287 30114
520 322 45558 63366
188 119 18480 35470
291 509 167 40585
277 343 71872 34955
372 818 1338 39914
413 420 44025 94928
44 368 44404 83660
64 404 51496 40399
215 123 31556 65252
482 763 27006 28194
453 556 60733 28448
646 445 42029 70187
941 312 73989 97209
123 502 86563 33458
636 820 79804 21323
860 582 41605 78231
384 734 84190 59853
692 65 2480 18427
98 480 30315 4830
558 880 28178 48145
290 761 81488 97662
175 933 59891 34329
109 720 96687 65844
3 592 87734 78628
529 289 66400 65934
821 829 78807 87674
924 17 27428 4384
742 467 48647 79863
388 10 53788 10835
368 58 23581 47007
12 943 24507 61725
682 897 56971 58833
259 592 44164 39370
233 798 9692 83710
447 328 53094 24604
869 683 5081 70467
706 312 61695 3540
785 617 84184 12520
413 203 52948 68713
225 517 17079 30919
38 948 98429 8430
110 832 27678 53098
316 466 94957 87089
87 284 20742 71915
175 343 72402 96222
350 857 53007 54493
398 757 79515 6075
276 505 65254 8093
794 909 32054 49536
934 279 93955 84681
573 629 54725 86453
218 575 45301 738
142 120 54935 67527
52 40 96148 70068
36 74 76560 19611
610 660 27977 913
308 35 75058 98428
721 604 80983 36977
416 193 6557 65536
191 563 79514 87145
204 842 45141 16370
951 952 52220 92672
219 926 9728 92559
574 549 40795 4239
701 185 1975 73793
874 958 13867 76772
790 7 7250 93923
631 630 86050 8369
160 620 9145 54239
493 217 91395 95269
434 789 20379 32540
161 914 10568 91673
518 284 3497 92800
825 568 96718 70996
532 474 73700 72165
392 445 28862 88619
888 390 59825 21180
871 38 23844 50
445 883 46865 85855
545 225 57379 98188
110 756 42452 12351
991 31 43164 36291
678 196 63019 10415
930 792 75582 58267
554 265 65168 22881
264 229 78234 6678
305 744 96533 64272
816 441 77595 9505
716 625 27982 29936
843 480 74041 70982
694 525 35369 49300
395 636 64794 90118
905 472 76523 59932
965 596 56436 12441
985 19 30476 95352
817 918 94758 92175
335 921 62312 67453
795 26 21200 90992
413 45 87096 78782
890 59 347 69478
5 588 19577 94520
733 855 21616 19205
62 169 4074 86234
926 864 68138 4998
581 645 97423 34870
64 776 31148 36806
534 172 33934 83916
47 297 3155 66227
954 262 75229 64933
662 209 40866 98865
802 523 27412 94139
883 586 74706 57496
184 264 91157 87511
688 683 84366 57892
929 274 24665 58682
922 926 79423 61001
785 838 98701 27082
2 404 61967 49802
263 12 22292 52736
303 128 67686 13547
170 558 42041 82100
909 878 67568 27891
381 410 50860 83051
389 605 90486 59172
761 157 41279 67009
916 746 92133 89380
539 751 75807 54783
588 136 15121 34390
253 329 77383 4817
561 198 77319 58634
974 681 62656 49590
21 914 33482 37765
796 354 68493 92596
744 4 15866 30675
583 412 14817 94613
501 950 25672 5575
28 130 54214 55671
484 548 35933 49145
437 928 86311 89068
796 203 45780 39310
704 696 16438 1254
456 122 5496 44554
747 850 59761 46975
13 911 19477 98151
419 576 60488 72469
217 552 49496 23329
649 541 88376 27357
880 233 34434 98379
191 533 66302 95440
54 738 41772 44325
15 286 64017 34501
345 435 15476 78184
644 274 17956 9065
752 101 64316 48470
318 235 2928 61489
532 353 28951 84907
663 244 16012 22755
464 713 92540 60050
795 214 1919 14342
407 390 94202 12221
806 727 15018 43305
86 4 87547 82210
807 217 43606 32270
405 815 76418 47098
27 597 45686 86052
622 521 99074 23399
916 616 21943 48482
626 44 36227 33067
544 611 29750 41066
349 654 13023 4859
188 480 35441 79420
711 117 73307 37462
124 864 52363 19566
411 170 95635 85632
894 541 91642 30778
966 491 59629 66558
795 952 42304 11618
303 457 84936 37595
118 474 23750 26596
509 351 34542 59541
187 937 83882 4691
101 681 34946 64856
342 766 89823 30363
848 783 26724 90398
323 292 43477 71723
995 986 21305 44751
592 686 1216 25046
252 919 38515 60586
298 265 55590 43541
577 911 91861 25108
377 959 98603 76825
814 816 18764 83581
14 443 86683 33552
937 798 2318 35927
348 152 46145 51534
695 614 28893 55471
693 277 51361 42601
452 10 72569 63392
389 248 19989 41825
800 707 76459 2433
586 503 75440 17462
748 262 55415 871
881 57 86377 82460
