2
57116 84311
927
669 976 17156 17893
846 243 37437 28273
79 916 59001 41732
952 323 31688 74048
758 397 91730 44032
641 481 72875 68935
311 589 49388 30934
675 568 14687 11122
457 291 33588 64386
271 267 29178 98040
385 718 94606 85231
312 876 22454 21663
676 329 81246 72398
195 492 22556 43881
488 577 94353 71632
27 482 22650 7056
448 68 54483 17408
584 513 22336 34966
621 139 22745 74655
425 614 1845 25236
369 823 87510 4918
772 679 83118 97389
427 643 22399 98675
965 783 37766 62104
777 185 2582 52755
836 895 62910 32388
65 607 22172 75361
481 119 24026 38080
968 626 2834 3390
647 6 81896 97918
306 36 75951 66990
133 872 19333 72675
172 60 45876 60178
941 544 20021 5457
916 928 84234 52918
618 414 30435 28566
868 156 19431 48972
902 676 29354 81975
308 143 86651 9319
982 202 20043 42555
592 68 69125 91753
120 31 54689 64455
651 410 84933 24177
998 713 71855 40553
5 456 67779 24268
220 874 2966 41719
88 625 75124 74285
424 641 54746 96324
267 250 26909 90378
667 126 48699 94164
334 564 44722 92706
100 320 61028 19872
334 618 78827 45319
677 110 182 82915
305 161 19831 71248
775 650 84444 14851
82 421 51876 24047
842 958 46477 49635
42 996 58894 20894
673 300 51952 21650
767 40 11524 64794
788 431 28626 43303
759 930 73103 84519
299 95 33431 18873
199 4 65416 35390
569 925 3560 66756
695 477 5463 48952
894 142 61721 77780
612 456 87700 97734
330 5 9121 68342
857 6 49229 54290
885 656 22773 28366
460 237 65803 99319
293 229 8873 72576
97 873 40777 91792
550 818 2924 44651
142 993 51479 66433
449 339 16753 77627
33 51 37496 52014
394 985 56835 61454
548 311 28987 99895
375 986 51296 32440
475 828 92497 50808
636 507 54213 50848
539 652 16711 77814
730 398 73737 68787
63 365 21653 53267
693 672 45395 84530
818 791 40612 53275
28 629 96437 19759
747 126 93709 56561
984 958 96326 51864
764 38 85411 26421
117 379 16130 40155
89 102 76165 16400
202 93 32211 80587
22 302 96278 69819
745 510 42795 70562
416 669 8790 61882
208 748 67202 41597
959 716 40073 62553
995 8 86995 11489
285 842 17828 41267
278 113 98361 73048
502 652 84794 36192
318 536 98852 94798
76 691 15173 93565
574 496 13936 28005
21 336 81850 69183
626 820 57937 5200
7 992 24370 31172
173 689 53177 71051
116 412 94061 27761
744 341 42544 84948
533 367 7256 42394
368 883 12051 14
891 975 15094 90972
282 685 5040 24766
960 687 1897 60466
187 125 90751 13616
822 544 82630 48602
5 724 95488 50992
108 38 62 52952
458 197 40363 37731
774 149 87661 61470
570 600 15558 69924
995 446 38245 92875
799 638 59539 99857
164 652 71845 39679
397 899 2394 13123
857 221 13022 8654
162 302 54847 46268
468 462 85665 86362
685 469 46950 53717
816 479 17729 8375
400 11 11335 59901
791 128 51617 7389
307 820 17321 28632
284 994 47352 43319
558 357 33610 67469
761 454 56582 2556
771 288 85013 39356
576 655 62810 40359
894 866 40212 45882
911 994 75523 28844
958 998 51206 17013
114 58 59057 41208
783 88 90557 73030
729 387 54314 91980
151 725 71683 38870
147 336 26996 30150
881 392 5204 61485
905 540 59279 89009
598 879 74483 97319
664 605 71504 33548
437 417 59564 11064
276 730 26185 75651
94 685 33796 96174
708 847 25775 37668
713 909 94055 35654
761 811 38103 50496
865 851 6786 84624
959 464 70205 71323
810 46 85725 20151
378 255 66642 65039
86 521 19821 23129
845 26 4592 18496
576 569 1407 44512
513 454 33608 69981
764 550 31369 55314
141 998 92228 48952
996 503 66888 33412
922 856 99615 54055
273 524 76656 61526
539 486 91692 21490
955 9 66561 42054
436 977 21122 22858
973 103 39242 22296
733 783 98134 42025
182 723 72121 2610
218 195 19838 81454
391 448 42567 37968
695 394 16110 64948
897 710 73854 63217
109 290 14234 77297
410 194 95546 63758
271 376 50143 16496
409 6 35123 91499
416 22 34802 20923
880 7 29642 85784
770 818 89825 28094
740 831 65999 97125
87 823 79054 48016
395 829 82793 61027
828 477 39912 86154
119 268 15607 12384
717 63 80626 16318
711 183 87370 81528
539 480 29521 83083
331 438 12362 90419
776 924 44165 40936
101 556 33507 27798
821 301 75936 9161
512 577 31444 57483
516 811 82603 49551
208 471 33270 66847
691 883 65474 15529
258 55 23185 7356
949 976 76276 571
625 749 63066 43867
961 298 46159 64211
548 667 64654 11813
153 107 43860 79228
443 543 84400 11190
908 357 48622 2288
854 338 39437 55276
668 191 76078 63347
983 684 75823 17280
358 916 14225 91648
588 596 30830 67487
923 805 21152 98888
143 973 93329 12942
129 457 4409 53826
96 403 30382 47480
934 177 85956 94030
780 396 73209 9583
753 1 27302 91932
347 545 22963 18959
985 801 7085 62292
405 300 15186 15100
684 616 25557 32748
142 219 97116 91071
775 219 87507 9120
624 835 29279 99871
694 349 29187 24214
769 180 7646 29946
623 129 30570 22618
769 535 43647 31237
39 157 2271 60882
998 100 77909 41787
728 491 31116 48544
562 467 87661 93203
580 680 97175 64567
413 647 44104 3606
252 173 32584 96234
805 895 5816 43584
177 303 2899 97015
425 425 22415 82985
640 202 47918 21588
469 127 6534 62176
94 127 4075 95727
453 665 16758 26534
100 343 85196 71608
649 49 1095 8332
605 773 60922 96660
444 176 80766 50817
771 433 58756 87052
109 814 64035 7422
978 875 90765 93481
416 325 39954 10220
338 544 99860 16661
694 410 73072 47634
203 824 26528 3055
957 559 71165 55157
158 880 40390 50893
871 468 67426 29158
910 686 6282 3839
902 689 72256 37654
122 915 54759 38935
10 754 40237 46456
110 419 81226 22884
377 289 61969 38048
492 846 88893 22265
473 306 76332 66799
748 103 59752 63869
79 415 27698 27451
90 898 60574 70960
513 864 4147 20460
866 966 99271 41546
198 242 41104 89276
624 81 55479 9843
266 187 49172 46108
190 292 86672 56821
549 572 88067 67149
929 71 78360 81025
127 721 66754 97842
616 974 97384 74726
140 953 34473 51922
544 634 32380 36119
247 10 92637 37000
901 776 15739 37891
224 587 51964 94266
171 566 56572 54977
516 808 43883 64123
283 157 89664 48901
883 650 21508 26969
43 171 16904 88218
245 249 47940 24380
69 350 49673 18066
688 834 4465 11302
501 631 12531 44401
904 737 55066 39743
195 225 2870 72312
795 669 20125 94228
312 571 97649 5981
514 289 81458 66680
905 97 39534 56411
775 91 26640 52317
222 384 43686 40387
536 15 14811 22199
110 338 47729 10708
112 341 48647 42826
681 917 62938 74835
638 335 47386 28638
646 746 2688 59854
672 357 27167 94865
76 96 99050 88883
398 685 85641 49620
847 504 68788 56903
790 786 58874 34428
424 431 8279 74315
994 578 22287 72853
997 128 59417 94014
325 757 8034 70904
492 941 65714 28562
925 217 7676 83085
388 102 29318 98104
561 520 25066 15558
101 523 50264 51638
18 265 58006 6475
267 477 1479 30076
206 138 10844 74252
41 286 9701 84292
326 534 85189 33035
415 154 14946 43804
36 552 66815 73442
239 711 71303 3399
287 222 61041 18190
873 54 63763 75670
928 107 67661 40949
787 781 87326 44042
96 723 93325 83161
298 71 36900 78632
364 809 9524 97622
101 754 15148 30200
852 737 19038 49396
814 68 64938 10408
57 302 78179 42159
281 428 33966 73471
150 127 83236 32365
623 432 95185 34660
93 545 36354 99851
160 230 93958 94178
979 941 34357 60339
123 175 99710 94760
738 342 27790 31706
172 443 52250 35621
107 435 8067 22220
147 57 91551 15765
910 456 66562 39284
718 872 23763 40523
494 7 33556 26708
990 953 97544 72603
370 167 75976 27550
776 204 46923 8255
42 487 70115 12244
603 511 99271 90303
86 552 16165 47121
230 73 61717 78452
34 108 93906 1791
920 341 16813 85750
763 157 22389 34572
255 608 7595 29963
573 139 38408 25926
274 859 56321 6865
323 188 39138 58334
520 449 34283 37322
153 118 88556 77487
962 114 12747 96625
468 578 69297 64000
594 471 4011 90795
679 267 9901 86570
501 129 59382 63810
548 232 63113 83187
751 90 49527 86076
596 241 21921 86448
813 393 85770 55226
618 312 50505 2133
115 333 4223 40990
645 225 28729 49126
242 286 34389 44453
965 657 99828 16494
120 29 25389 94200
498 910 62827 83702
626 782 57874 2008
512 658 33869 6098
67 214 44572 79826
497 50 86738 96639
810 642 47089 3979
873 711 85068 45056
303 50 67219 40216
15 627 61478 33692
285 291 25755 86259
928 782 34284 91779
210 763 44045 40176
578 308 37383 35014
616 774 50247 46108
196 929 40062 13528
316 376 8342 1939
989 692 70629 26910
843 242 66719 83049
626 982 50166 92115
253 283 86191 1169
802 647 32644 35491
451 808 83465 50464
968 164 45973 62102
344 533 3241 98952
984 831 96519 14892
343 890 38354 74973
223 158 63041 44910
38 227 18558 71798
611 190 30729 31175
603 189 81275 66690
331 640 26922 2373
747 406 49468 18916
44 330 23567 81002
307 6 25573 26907
972 788 13205 83912
200 155 78532 83847
485 847 93379 86807
568 905 15312 65909
998 839 62823 25184
40 156 50612 83391
378 597 59920 27729
775 443 72594 75819
169 183 43382 94583
898 306 19263 46714
726 928 96454 97801
875 418 92380 23201
865 121 53264 32931
89 655 3122 30014
615 895 59485 96900
136 76 81925 81507
465 733 15262 16310
835 472 64595 18654
900 955 1491 23346
106 131 58584 72301
672 791 62794 30830
109 526 10055 42029
538 966 47988 31527
421 704 35877 82053
564 288 79802 91586
737 108 84824 24459
696 731 14398 99316
615 703 44189 88082
886 396 84089 21627
134 51 67353 75761
410 432 97899 30159
204 24 39522 22189
882 719 12963 51489
702 601 54166 33277
895 723 96054 47761
869 983 98415 79963
846 729 93044 6723
165 47 92194 10561
948 946 66289 25098
837 701 28557 83686
462 564 87670 88135
965 503 83538 47454
838 236 15214 23355
711 510 18300 29027
755 496 2649 21465
882 130 63476 25879
734 608 72087 52557
505 667 56382 21746
996 965 27429 88675
676 647 77210 66197
474 396 67898 78269
901 407 1834 80484
582 423 92822 13949
695 755 67386 27414
955 415 91430 75260
648 518 96551 57662
27 15 3296 69171
966 454 28141 68279
395 158 15852 39607
781 612 36735 21691
734 108 83700 34346
426 685 83856 22126
797 109 83767 6133
690 855 13810 70656
634 44 80312 96364
157 871 47432 83371
575 615 51503 42290
253 594 51135 70142
82 539 45728 90809
776 970 15980 43791
572 630 94209 52298
579 293 29895 81951
734 788 52763 41107
239 53 83863 65255
155 847 84279 67637
507 394 71724 58827
749 161 5275 26334
952 533 83720 95626
734 407 3413 72284
208 355 80764 50867
859 795 3602 9604
286 480 80586 56964
659 70 74501 43135
189 224 47484 3133
113 178 69509 9716
875 445 28844 53176
29 503 6911 52456
586 819 99308 96979
252 26 48032 81213
122 588 86402 86023
904 712 62298 13739
29 310 34799 75545
58 820 70250 12402
270 596 7691 29341
169 83 9902 91073
393 986 86623 42114
698 144 23337 90423
649 943 50490 53931
874 45 95949 37045
604 173 20278 47463
483 797 26232 47205
477 333 33694 91410
80 95 38716 37224
609 347 44391 76919
80 150 76144 44370
293 849 39626 85854
610 976 80625 65516
67 460 12158 29683
151 588 75729 51710
36 343 4275 17916
54 919 79291 31215
442 192 19208 52637
490 170 60176 65799
122 415 58316 5226
337 870 81379 33850
400 436 28798 14990
184 482 41948 79607
148 16 19200 18105
245 417 54678 56613
405 669 49017 35519
170 871 25093 69409
855 944 43568 92850
842 578 53315 53814
460 515 9993 10740
565 606 96547 17095
983 369 13435 36869
150 586 5587 32945
936 579 85271 14580
412 997 71806 33653
322 352 53866 88793
841 564 66064 33204
105 552 95759 23484
647 205 51506 19521
180 100 1833 14112
771 425 30547 11651
966 438 69328 64706
878 475 37403 21255
249 416 68920 66620
188 125 47588 88723
983 629 89780 96052
123 464 93788 39926
217 345 78368 56494
850 164 55210 12159
771 243 37157 15314
234 953 6194 75941
353 208 93273 49794
320 543 32670 99767
143 670 44619 3995
368 192 69669 24140
422 76 30425 70025
68 644 97694 88432
553 606 39656 97773
330 961 50062 8932
979 66 81416 74166
640 218 700 92124
771 71 18862 10865
695 719 86801 31496
550 971 21385 81429
143 587 39344 52045
204 803 68001 89141
549 261 92964 62847
132 880 67605 20256
467 382 6262 52104
349 115 23504 7905
248 432 73911 57658
107 958 77906 68036
492 707 5683 50198
347 808 88396 64998
503 24 23764 72673
839 657 88104 81040
459 363 98741 12034
248 914 46711 12104
876 43 46508 32091
363 672 98974 37356
543 647 67691 18962
411 417 98652 86084
285 745 20643 57112
397 939 92207 44640
903 66 95054 61448
592 271 14661 9934
463 472 66339 22692
459 981 42329 792
810 441 71379 42695
154 912 25195 72130
404 688 34359 34076
319 327 11185 31590
678 436 30052 667
919 453 54877 83903
430 278 98035 76917
794 531 22496 40231
595 998 93736 38240
472 793 56111 90403
194 103 61424 87991
521 301 70306 42763
516 717 71231 89580
975 849 52680 36231
619 335 39079 15395
836 988 78561 25161
360 349 40502 27393
165 436 92668 18789
593 882 5891 12781
152 339 28621 58031
43 124 47847 83543
738 13 63456 63963
781 911 87082 3551
175 745 17443 4592
322 248 22346 16537
334 393 95816 92224
580 261 78500 13174
878 655 57082 6325
799 542 27118 46437
294 821 66515 96846
782 640 63530 70307
117 228 73269 97379
537 876 30378 22830
669 920 98017 73419
384 209 90500 74490
205 508 74171 45307
662 4 54900 68574
369 591 87134 36638
42 231 14068 69569
625 959 12260 8578
97 106 83536 90267
807 460 27988 19899
93 767 82063 13736
818 79 81214 55738
196 636 23917 97722
306 163 78407 92521
572 274 16591 24636
316 817 55434 19608
584 642 32907 64617
859 911 48780 49987
373 861 6351 62593
111 659 45642 62558
896 579 84864 73956
236 221 21431 12441
754 768 43354 78485
54 481 84223 39014
171 334 46225 47139
868 297 9414 95197
909 610 93146 20974
673 338 44318 96093
976 858 22902 62470
126 886 94373 45678
272 499 68470 3295
448 318 56165 14546
890 792 73560 74166
304 206 92387 88434
297 475 72787 81791
526 489 80449 15754
968 2 33203 17593
575 493 36960 4895
387 537 84495 58834
819 39 13173 44588
231 957 13203 21552
825 235 36118 24291
340 256 25404 6389
999 220 90355 650
376 688 20612 79248
286 787 92267 73157
798 821 40073 36834
282 771 30519 51112
836 613 32736 29823
659 900 60811 35717
94 412 17593 58518
832 334 47648 15456
702 117 51168 83988
535 80 96211 19718
65 871 94116 8629
630 1000 91380 74194
447 488 34393 40787
711 954 8740 60695
223 443 8444 3901
300 490 50941 80795
999 830 39949 25711
852 690 43240 57
972 646 46527 63400
398 266 35453 48503
413 764 40434 77547
154 289 6324 57328
529 931 90835 48064
366 596 75134 63297
237 889 68175 14263
951 48 4952 3157
347 724 22572 65212
193 587 71879 66568
534 610 4575 15371
685 675 70174 6571
644 745 30137 57785
863 118 25839 8748
954 959 50829 43974
672 14 88814 79672
739 143 52406 55282
949 392 49056 21143
408 191 74947 74945
523 925 75439 32161
17 140 87532 35918
212 665 75385 15795
546 845 65434 37089
800 742 55043 12319
815 258 54038 76282
19 836 74142 34086
588 81 55977 19792
647 172 68992 82439
566 712 9746 4530
141 849 45815 3474
160 711 39361 41230
996 26 66636 78350
871 674 32132 55422
213 120 9285 855
726 526 90753 29686
213 219 51098 81007
574 2 7489 23276
839 317 69973 25977
996 5 88164 2754
63 28 60350 60561
592 33 60598 12322
877 992 3182 54175
293 383 48080 8693
25 491 90507 489
177 752 22013 8233
853 99 91025 71524
989 748 12796 61316
300 783 36383 44976
719 460 54657 1992
101 602 99766 47230
417 194 24188 19818
121 668 47572 94120
189 324 35383 76111
182 833 42083 38026
742 488 58924 24854
497 356 57395 76172
468 155 50950 47236
666 924 79393 1637
911 70 89135 59800
834 315 66560 42088
91 23 73902 27665
602 36 51091 21640
486 476 98116 56029
254 45 19747 21314
149 782 55779 12764
782 617 93095 1523
694 191 14269 72294
846 224 8514 89269
741 997 13673 22529
728 334 46951 16579
352 592 32880 96761
182 270 53451 93763
5 910 2542 7749
167 569 67916 48959
210 227 57638 69610
996 850 10643 69629
277 112 47839 23914
899 882 29195 43638
789 129 40840 95877
736 349 61589 66360
811 543 40236 11761
765 624 85679 81962
824 563 12725 30372
521 889 71809 87285
593 538 85526 4898
494 273 97945 94129
493 905 76702 15902
676 321 23017 12082
256 523 25646 13165
877 608 16311 61777
886 273 21506 48172
312 654 99356 16073
718 799 83732 22610
923 866 32526 65509
103 256 81834 22041
792 48 38838 88664
133 979 6826 81268
458 459 25576 85944
377 374 56050 19360
763 344 95090 74469
221 55 72779 63904
7 115 83636 3012
165 478 19004 93909
929 402 38379 65472
375 521 54974 71285
472 188 72465 93584
657 654 46013 33916
5 683 69794 36980
103 632 16112 28420
710 937 33974 22797
712 288 63128 54852
91 208 68988 1716
421 648 11554 29918
337 553 47024 43965
478 341 90883 30494
525 791 96300 33739
906 567 86152 48665
706 536 16656 61866
649 848 63420 67112
901 309 85874 1346
916 69 54424 94612
825 35 3061 48679
538 392 59876 10606
785 44 62034 9358
930 6 57198 4691
777 727 2692 3525
746 567 81809 93312
865 237 1727 62994
270 353 29194 19578
888 42 541 8208
888 805 6053 25981
433 79 99856 60016
468 169 39565 44020
755 293 14614 83348
626 872 66184 69257
225 12 72823 21112
434 576 42259 59472
456 906 31710 83200
523 261 52116 41110
669 804 95617 86113
767 60 48735 86399
923 364 30028 27184
865 833 69306 50884
816 961 51550 13708
174 590 83513 29158
521 647 26220 52710
409 793 43561 75177
993 796 96327 7025
138 384 44845 43385
627 819 5824 35962
284 227 14737 89552
758 986 45234 29594
807 23 71808 91078
223 395 30815 33573
413 280 86846 57098
609 754 49103 44707
520 414 35837 93679
332 536 7797 68492
348 93 21019 31522
787 251 91086 70199
627 676 48724 82325
891 966 1470 67339
215 922 27608 53186
50 878 97658 3876
102 170 66525 10814
160 90 81925 15219
662 127 29997 27458
494 606 96031 77593
378 8 84991 20687
473 946 73429 93693
607 745 54391 10920
998 754 38633 49799
663 526 23233 20126
78 839 6597 81313
864 947 45350 83305
58 166 13523 90909
189 90 19062 71337
846 425 70927 4798
532 340 4550 91829
961 989 17484 77796
537 893 87776 26467
440 742 40378 68144
974 154 96105 39533
18 246 14327 32310
47 840 99503 21604
979 492 98620 24989
996 611 55622 43193
56 729 32507 45738
873 146 87344 54302
430 793 23610 85232
732 93 60214 94975
270 315 7071 58323
689 480 89322 88854
790 141 49565 61558
655 511 11301 38231
48 891 85456 28942
642 715 81076 74511
98 32 648 70641
820 482 83708 32975
378 222 3212 47057
127 507 14336 2723
743 604 43928 89730
464 453 461 92163
960 236 85936 88539
860 563 61350 66231
398 513 62235 59118
808 185 24871 31116
361 808 78792 58153
808 622 70949 67873
322 859 68668 85718
742 175 10878 63602
667 662 71053 55897
315 954 57537 45103
176 624 47588 59747
609 383 1797 27456
844 139 16242 70697
63 108 44903 28776
545 377 99531 36973
459 82 15328 52196
550 825 94890 1076
220 148 65873 72673
569 476 76164 38898
42 824 30023 52855
906 453 81617 61216
