4
61911 128113 133821 169358
683
955 23 47933 35735
64 841 65831 750
551 795 87480 16337
381 739 19879 61459
438 247 2969 16484
508 699 14690 36514
986 739 67689 65225
372 808 36576 76396
467 351 10127 72980
320 134 87030 79178
333 590 13300 9417
7 662 45152 59305
670 670 29251 64444
391 947 22211 95033
169 460 50821 74195
240 148 31210 60513
572 257 39822 28181
325 927 63465 62123
96 40 36415 77521
406 773 62648 33812
194 480 43559 13097
804 448 98730 33149
98 968 16874 75914
609 1000 4842 25536
20 441 78429 12826
253 189 96590 20123
501 148 72893 5800
72 18 37957 87707
318 578 30126 36838
124 413 37030 75331
624 98 52819 3443
765 358 56161 92427
809 98 31327 50940
776 82 37123 68863
817 479 79671 65333
854 970 86390 85023
137 580 7606 19121
523 934 91799 66624
349 696 80382 70928
369 162 2829 72960
20 489 5392 86404
643 541 23939 26273
594 667 23433 99902
825 106 16121 76379
627 538 41390 61253
1 130 13808 38848
322 413 95415 9839
333 872 18078 62150
973 343 24716 86692
850 174 13117 98534
180 986 72758 73967
819 841 41603 50614
616 559 57316 57856
284 85 7692 11443
242 10 97364 98799
161 359 78001 16648
560 305 38470 76137
457 126 1371 94690
746 260 71727 6779
956 913 11239 83241
585 229 5482 97551
203 527 75541 46954
526 467 46600 76467
687 308 7403 27134
13 345 30999 86760
410 722 94159 72657
818 793 92600 20555
838 736 4265 63874
146 292 25858 96538
837 543 50755 62681
671 503 81306 26296
38 277 40406 76515
207 252 73193 5913
769 730 34741 34743
367 395 67529 50335
989 97 95357 57745
455 36 51338 13487
790 605 27139 23081
658 433 68346 77682
784 194 88110 62708
770 427 13609 99292
695 644 69507 34626
665 113 59459 40536
228 943 45588 16908
765 732 51093 29847
810 749 27364 74609
575 817 53606 83561
770 323 65341 3293
416 341 30509 14557
484 907 43642 76650
577 882 86671 50650
185 941 1324 42744
388 702 16307 2578
932 897 40922 33304
427 234 34298 94446
106 471 15579 68501
766 491 62101 91830
796 302 77241 29456
768 724 50067 2577
457 217 1961 89640
594 598 49928 15209
744 722 98932 34559
742 364 34235 9565
598 719 89533 25429
766 98 35245 86183
27 138 62709 67493
317 103 3849 48685
944 10 75875 52955
886 823 47174 91680
364 737 51205 25658
196 947 2059 11715
877 760 95970 48318
514 955 25923 38487
212 566 15455 8417
153 163 72069 85164
703 376 70890 82238
783 791 71459 36468
715 811 30805 10934
993 602 77730 439
653 973 48788 12187
280 207 99131 39604
697 889 7463 63039
747 247 72622 85425
237 23 58107 29269
526 995 18682 22171
907 726 3089 32861
702 686 80541 37280
159 89 38115 91547
451 309 72253 75370
690 974 67562 35749
377 62 25975 18390
51 72 85937 70804
344 682 97670 82571
870 45 44796 38021
586 84 32395 48639
547 489 57805 57490
857 744 64715 19788
538 511 32784 70726
244 831 5040 66876
878 23 27193 70773
458 751 50464 59264
785 36 24340 27800
398 978 61159 59515
915 689 33935 22933
583 722 86416 17422
328 42 8969 61732
804 72 83285 61623
636 75 77065 79689
609 451 12457 82879
777 468 33902 25278
736 86 63314 69598
944 384 54266 54112
956 961 49416 88300
364 101 94019 74869
644 110 29891 32384
192 778 22920 68189
317 373 7259 96382
467 157 15195 53849
654 137 70575 16742
381 236 75651 85361
536 983 44634 6486
668 151 90748 54735
612 264 6920 84995
1 656 77467 98805
770 498 2679 71650
879 210 94939 60489
594 418 52567 79479
125 418 11252 82940
650 431 54388 49410
205 927 11656 16380
254 34 65630 70779
720 150 13624 34176
994 977 44196 88249
127 558 79713 17191
139 763 78750 37140
50 502 34849 7646
677 776 69743 10364
160 829 6522 95002
952 790 69955 23098
928 191 23982 83872
214 381 80572 14818
974 561 43647 91722
199 794 41921 54862
370 313 30541 48762
404 838 31520 78841
912 804 29722 91533
452 741 83972 93052
874 532 41147 24907
151 432 46237 51557
700 128 32565 84558
209 593 18260 68477
805 539 51027 85931
472 277 83211 240
782 613 68737 17719
265 862 38108 88805
557 149 59318 12164
415 595 6176 61202
766 732 55479 47969
826 928 81471 7285
95 439 2727 46426
213 515 53632 54837
96 847 1758 31718
229 729 91477 22176
910 238 40069 78460
394 807 35034 36160
411 56 62833 68147
810 366 2531 47508
483 249 19633 54447
145 234 10639 19519
279 170 68329 6971
726 233 95333 70908
230 420 95509 54343
768 65 76447 16444
35 995 52001 72771
625 589 94671 44462
660 479 79493 40479
670 180 23365 97147
735 260 5441 86850
449 477 94818 96867
994 610 59591 40522
109 737 14692 17881
792 12 35677 12806
774 418 43911 90603
701 855 48688 65901
413 678 16595 42927
536 987 63205 75571
442 820 85824 16627
835 371 68240 72806
421 615 45096 17849
423 12 99022 98826
632 93 58454 61321
81 284 30072 36543
817 135 88912 74260
40 939 35078 15809
461 982 11807 23196
629 595 87778 51718
744 789 36627 69337
423 991 43019 62739
310 18 3978 77993
314 758 93435 78650
953 447 56248 43489
841 145 88309 85643
864 476 92922 62053
616 137 27428 41671
564 466 22169 9538
347 487 13853 40116
988 797 79389 79194
962 122 42054 67635
877 853 79379 10358
86 281 86312 95871
472 996 63098 80147
814 695 57674 3764
791 369 61794 64935
541 577 25812 965
498 816 26122 23215
717 260 46833 92575
118 857 49557 24884
628 632 32583 10080
536 68 21990 39406
813 292 83007 64643
750 782 79275 61387
302 871 88191 87879
670 271 35926 62775
16 979 52485 24216
158 199 66904 6932
958 839 32800 54734
388 866 62592 38019
975 551 35914 61625
111 378 83983 50088
342 416 9164 7190
634 496 23092 35271
545 997 46909 10949
984 242 26515 62490
278 289 93963 62051
831 627 94974 53322
435 41 70802 74707
604 886 53606 47778
863 589 32220 43255
910 656 1407 90030
660 929 32616 78456
356 50 91784 6460
384 938 53749 50886
356 627 63174 28843
85 175 54090 46127
363 720 92440 51521
83 511 62806 64296
900 69 1277 32778
215 731 52842 11123
921 137 84750 24023
543 313 15676 33100
382 790 29865 20880
736 922 25306 88080
144 114 47650 11055
17 95 77973 47491
261 499 50665 48921
823 343 2688 31050
427 148 25602 93595
332 738 15378 87595
548 157 55358 15496
895 111 55203 9502
235 741 12372 56901
85 849 95101 69917
973 665 53160 25199
429 765 77378 9227
751 969 12102 42441
681 885 55998 75134
641 536 16018 33998
369 83 29060 34218
757 549 35911 92452
219 144 65204 77633
779 340 82268 69860
129 652 61689 21694
879 933 11365 58155
653 807 95742 21089
278 612 75558 44979
823 411 19150 90146
116 752 28756 98439
857 860 5401 87375
579 403 72714 13448
461 425 92734 41479
764 727 6674 9004
146 272 90809 29980
648 673 95958 5542
288 640 52765 50935
899 725 864 90098
270 902 3866 66821
726 669 66409 75361
950 704 37534 25153
256 717 74933 86582
457 144 95464 7013
844 302 73999 25343
836 695 90775 9374
649 812 93147 2657
820 101 41813 23715
417 230 61239 79912
728 573 38918 11211
289 682 44937 33286
999 887 36933 99810
904 741 72800 39249
101 380 64054 97237
673 988 73471 27482
188 131 21251 38732
993 273 48988 69552
163 942 77779 28760
674 315 33971 39441
478 772 44102 48952
230 76 110 47310
363 496 71293 39266
675 602 48258 46676
77 106 2246 68038
40 795 85152 68689
437 972 17870 42380
906 79 93535 23527
715 7 27244 28933
895 469 24213 47054
891 69 64003 81768
760 50 81550 25075
49 615 84441 25129
60 131 99615 47876
259 308 62933 97358
235 378 8782 12766
549 421 80429 16906
416 171 74848 34656
503 63 73082 55716
969 40 14365 74472
222 994 70170 37866
575 377 27264 43760
486 721 38973 32522
391 506 70558 40725
827 975 75454 97764
552 561 97121 59061
473 760 37846 13910
855 965 38359 7276
280 283 48725 98152
361 423 57139 65410
102 150 9970 10812
696 381 26121 57308
168 500 81251 90340
871 363 97909 61597
132 419 36490 93386
135 558 14615 12345
653 876 96039 33352
925 185 39301 33735
763 906 2337 77418
684 257 12782 11216
185 283 3197 91996
214 448 71044 9030
989 919 17811 79274
660 718 46968 28084
412 165 44807 71956
185 49 95470 74613
611 87 60841 92369
860 815 41753 41888
975 606 90533 75755
766 86 61133 6798
469 478 90107 84677
600 990 385 19304
535 598 69758 82443
984 872 66955 4398
402 194 33713 48146
180 367 67041 49790
938 801 75426 29777
634 306 30137 12349
208 99 78424 17894
705 847 28182 54050
134 768 13573 61409
463 525 59975 25296
770 724 95668 75311
997 500 54609 27687
365 910 2298 81142
909 311 38976 43750
392 345 36369 21632
871 117 45217 56344
265 585 21725 83047
322 313 46589 99898
687 533 3584 22357
382 340 98899 44110
613 810 48620 41811
777 171 54854 99522
856 730 83403 77753
145 443 2612 6752
572 381 52666 73397
905 47 64249 91301
459 214 31277 2815
390 300 40809 87442
787 175 20843 6858
489 548 63154 27616
58 465 70379 86417
447 326 69073 41620
992 630 76593 82156
311 850 73500 23364
852 627 11691 76290
252 211 91767 87706
872 104 15891 62812
202 641 26163 13225
94 677 54946 23693
391 514 67836 80633
812 299 76816 7380
714 578 37595 16096
774 390 38693 24107
247 406 46874 76072
788 835 8728 47185
660 309 2271 79210
720 848 98632 38810
493 604 95449 7180
223 538 78752 14113
527 875 44239 63312
348 616 7517 12854
240 92 59972 23216
804 774 18899 25887
425 383 58493 98538
688 694 57402 28947
5 565 49485 97551
127 114 3827 57034
272 784 69741 54163
424 411 25031 71984
832 482 49409 69090
689 963 46526 38720
414 453 81705 7121
755 68 12613 19621
453 64 56428 17937
985 982 78296 42614
404 859 7629 1948
200 64 94299 23528
228 479 61146 27198
401 276 33049 29465
483 95 24610 66632
672 927 71782 96819
941 605 74608 60274
888 402 12665 82417
999 172 49718 59090
1000 893 33290 69891
75 784 79141 26611
525 40 39726 75347
63 420 8120 39923
189 730 411 1430
830 232 544 99275
248 956 99430 50039
197 508 95859 1388
642 123 25901 10023
827 363 36248 38122
249 622 51846 75348
581 245 35203 42874
475 946 61732 71784
537 593 52624 27964
864 920 81058 35323
22 753 95701 78176
244 380 68407 15362
799 848 8671 83148
182 475 62545 42810
133 355 96122 81857
635 658 3651 65901
819 332 13035 44267
625 366 49422 99058
709 101 62496 7947
596 255 33162 80906
681 911 43104 8383
444 217 93899 69459
630 133 48921 35974
576 544 24720 29894
10 450 62766 96703
700 941 57273 73903
615 195 71063 41818
700 635 63295 13837
447 215 31950 36376
82 559 56175 69665
552 328 14472 78193
615 978 2928 28846
695 714 42736 4121
103 125 529 36207
511 226 31182 90778
810 800 21909 71158
479 679 82126 92093
860 623 31887 52157
909 366 30004 71779
90 292 51857 61591
295 861 91708 23300
234 43 34264 76252
784 634 7464 20822
43 820 21350 3158
292 152 70719 12187
635 549 97264 11067
911 280 61177 85845
459 315 69863 429
145 674 39049 94551
490 691 84777 14263
382 287 10635 67449
679 141 82383 14606
1 725 14450 20800
593 500 77166 13402
235 22 71594 70728
367 284 90701 6480
138 624 33157 49278
871 854 14802 19773
528 904 63112 33742
788 941 8713 21971
266 27 68240 78843
963 428 99162 62825
46 192 1260 34625
390 329 8883 43135
755 437 19129 54192
413 959 86471 22904
314 786 69587 8909
706 702 41122 82430
440 568 65719 58483
362 291 22101 15914
422 745 60581 59274
156 705 2567 93185
109 534 20115 16590
409 54 8925 56421
917 593 51818 13477
498 895 54497 55881
860 846 71483 41030
191 426 5547 57066
9 91 32546 73143
108 588 23178 8822
995 927 68456 23992
200 360 60953 31717
267 825 48296 12692
500 646 96902 35378
27 928 84836 58378
714 928 27876 53701
88 343 39289 49824
78 689 93964 96088
418 552 82364 15260
306 627 11885 1871
414 683 28162 32363
862 51 43502 86483
448 876 72945 16774
976 731 28962 97607
11 143 94627 78295
701 217 6075 29635
556 91 91440 92825
870 139 61260 4142
311 688 16007 12009
407 546 55137 19312
507 283 70955 57673
552 774 52383 41353
543 336 45798 40375
338 413 55684 82428
699 653 17122 89372
861 200 76081 75920
714 295 99185 82538
490 417 93666 43881
415 438 69319 8008
672 582 219 92233
260 202 65040 53597
44 504 87939 59769
337 723 63474 26345
487 810 94239 44482
698 42 7555 3961
621 715 1798 57306
887 26 5840 1906
117 10 17835 92710
277 806 17739 52565
833 497 4598 83223
904 251 16591 26214
623 337 8522 16743
148 437 34238 14206
583 111 45297 57034
855 148 76614 52290
705 97 35712 84193
646 932 41960 10978
224 750 2922 75965
136 236 95367 2496
530 143 86679 43024
707 781 83545 91684
218 393 17265 19857
287 171 9046 18498
200 639 29871 17428
762 322 25448 80550
80 265 91816 71454
819 661 9770 53812
226 611 53186 35828
467 179 23696 99957
94 99 43158 30056
342 361 66172 65734
218 295 17358 58775
233 560 35010 89424
451 478 7420 52607
304 271 4033 99070
950 26 27765 95791
178 508 83055 52208
379 642 78420 90599
333 281 33538 517
904 643 12282 27468
289 757 56927 19066
555 988 25636 21031
633 533 702 32770
415 273 57934 71704
885 872 24460 98589
268 707 90752 53697
178 532 36164 49364
639 291 3877 43085
538 448 54113 36405
538 576 70776 16141
584 528 11166 70768
364 451 80109 84880
888 692 90795 24135
185 123 87524 39244
588 166 74898 66369
923 286 29516 60828
191 646 21522 13839
415 722 20913 15825
84 905 17166 7111
847 343 75668 80066
476 713 88446 1456
496 731 22066 65953
832 305 58850 5814
98 824 98770 90277
534 445 36322 49355
692 260 23567 85163
23 710 381 81372
494 440 56582 94758
318 810 88672 33745
930 77 18594 54257
853 662 41239 54648
818 277 34660 61532
721 38 13452 4834
814 612 75709 42105
127 625 57808 88708
394 147 99852 3081
431 793 31138 67342
892 977 5446 55651
921 442 3102 99632
371 312 7104 30485
338 94 58344 73313
774 115 70331 92011
841 553 5882 21309
390 32 55852 98749
289 513 98120 96703
337 813 17357 3066
537 264 7662 18702
374 142 59791 33704
381 811 789 49184
326 79 8752 8087
794 801 86443 53994
26 192 50197 142
917 442 95808 13301
756 418 67169 29036
672 696 43760 57365
123 182 48975 9802
976 207 91311 87279
